
======================================================================
FILE INFORMATION
======================================================================
File: sdd1_0.bin
Path: D:\CLS Beam Data\SGM\Data_pipeline_test\150721_NCo_7_SW\sdd1_0.bin
Size (bytes): 93083648
Size (KiB): 90902.000
Size (MiB): 88.771

======================================================================
FIRST BYTES - HEX
======================================================================
00000000  00 00 00 00 00 00 00 00 00 00 00 00 00 00 00 00  ................
00000010  00 00 00 00 00 00 00 00 00 00 00 00 00 00 00 00  ................
00000020  00 00 00 00 00 00 00 00 00 00 00 00 00 00 00 00  ................
00000030  00 00 00 00 00 00 00 00 00 00 00 00 00 00 00 00  ................
00000040  0e 00 00 00 3c 00 00 00 43 00 00 00 3a 00 00 00  ....<...C...:...
00000050  43 00 00 00 35 00 00 00 3a 00 00 00 34 00 00 00  C...5...:...4...
00000060  41 00 00 00 3a 00 00 00 3a 00 00 00 33 00 00 00  A...:...:...3...
00000070  3d 00 00 00 3c 00 00 00 2e 00 00 00 34 00 00 00  =...<.......4...
00000080  30 00 00 00 15 00 00 00 1c 00 00 00 20 00 00 00  0........... ...
00000090  13 00 00 00 0f 00 00 00 08 00 00 00 0b 00 00 00  ................
000000a0  0b 00 00 00 07 00 00 00 07 00 00 00 09 00 00 00  ................
000000b0  04 00 00 00 06 00 00 00 08 00 00 00 08 00 00 00  ................
000000c0  10 00 00 00 0b 00 00 00 05 00 00 00 11 00 00 00  ................
000000d0  0d 00 00 00 11 00 00 00 0e 00 00 00 0b 00 00 00  ................
000000e0  17 00 00 00 15 00 00 00 09 00 00 00 17 00 00 00  ................
000000f0  05 00 00 00 08 00 00 00 03 00 00 00 05 00 00 00  ................

======================================================================
CANDIDATE NUMERIC INTERPRETATIONS
======================================================================

uint8
-----
[0 0 0 0 0 0 0 0 0 0 0 0 0 0 0 0 0 0 0 0 0 0 0 0 0 0 0 0 0 0 0 0]

int8
----
[0 0 0 0 0 0 0 0 0 0 0 0 0 0 0 0 0 0 0 0 0 0 0 0 0 0 0 0 0 0 0 0]

little-endian uint16
--------------------
[0 0 0 0 0 0 0 0 0 0 0 0 0 0 0 0 0 0 0 0 0 0 0 0 0 0 0 0 0 0 0 0]

big-endian uint16
-----------------
[0 0 0 0 0 0 0 0 0 0 0 0 0 0 0 0 0 0 0 0 0 0 0 0 0 0 0 0 0 0 0 0]

little-endian int16
-------------------
[0 0 0 0 0 0 0 0 0 0 0 0 0 0 0 0 0 0 0 0 0 0 0 0 0 0 0 0 0 0 0 0]

big-endian int16
----------------
[0 0 0 0 0 0 0 0 0 0 0 0 0 0 0 0 0 0 0 0 0 0 0 0 0 0 0 0 0 0 0 0]

little-endian uint32
--------------------
[ 0  0  0  0  0  0  0  0  0  0  0  0  0  0  0  0 14 60 67 58 67 53 58 52
 65 58 58 51 61 60 46 52]

big-endian uint32
-----------------
[         0          0          0          0          0          0
          0          0          0          0          0          0
          0          0          0          0  234881024 1006632960
 1124073472  973078528 1124073472  889192448  973078528  872415232
 1090519040  973078528  973078528  855638016 1023410176 1006632960
  771751936  872415232]

little-endian int32
-------------------
[ 0  0  0  0  0  0  0  0  0  0  0  0  0  0  0  0 14 60 67 58 67 53 58 52
 65 58 58 51 61 60 46 52]

big-endian int32
----------------
[         0          0          0          0          0          0
          0          0          0          0          0          0
          0          0          0          0  234881024 1006632960
 1124073472  973078528 1124073472  889192448  973078528  872415232
 1090519040  973078528  973078528  855638016 1023410176 1006632960
  771751936  872415232]

little-endian float32
---------------------
[0.0e+00 0.0e+00 0.0e+00 0.0e+00 0.0e+00 0.0e+00 0.0e+00 0.0e+00 0.0e+00
 0.0e+00 0.0e+00 0.0e+00 0.0e+00 0.0e+00 0.0e+00 0.0e+00 2.0e-44 8.4e-44
 9.4e-44 8.1e-44 9.4e-44 7.4e-44 8.1e-44 7.3e-44 9.1e-44 8.1e-44 8.1e-44
 7.1e-44 8.5e-44 8.4e-44 6.4e-44 7.3e-44]

big-endian float32
------------------
[0.0000000e+00 0.0000000e+00 0.0000000e+00 0.0000000e+00 0.0000000e+00
 0.0000000e+00 0.0000000e+00 0.0000000e+00 0.0000000e+00 0.0000000e+00
 0.0000000e+00 0.0000000e+00 0.0000000e+00 0.0000000e+00 0.0000000e+00
 0.0000000e+00 1.5777218e-30 7.8125000e-03 1.2800000e+02 4.8828125e-04
 1.2800000e+02 4.7683716e-07 4.8828125e-04 1.1920929e-07 8.0000000e+00
 4.8828125e-04 4.8828125e-04 2.9802322e-08 3.1250000e-02 7.8125000e-03
 2.9103830e-11 1.1920929e-07]

little-endian float64
---------------------
[0.00000000e+000 0.00000000e+000 0.00000000e+000 0.00000000e+000
 0.00000000e+000 0.00000000e+000 0.00000000e+000 0.00000000e+000
 1.27319747e-312 1.23075756e-312 1.12465777e-312 1.10343781e-312
 1.23075756e-312 1.08221785e-312 1.27319747e-312 1.10343781e-312
 4.45619116e-313 6.79038653e-313 3.18299369e-313 2.33419537e-313
 1.48539705e-313 1.90979621e-313 1.27319747e-313 1.69759663e-313
 2.33419537e-313 3.60739284e-313 3.60739285e-313 2.33419537e-313
 4.45619116e-313 4.88059032e-313 1.69759663e-313 1.06099790e-313]

big-endian float64
------------------
[0.00000000e+000 0.00000000e+000 0.00000000e+000 0.00000000e+000
 0.00000000e+000 0.00000000e+000 0.00000000e+000 0.00000000e+000
 2.99939430e-241 5.62950075e+014 5.62950065e+014 2.52435539e-029
 1.31072028e+005 2.52435538e-029 7.10542895e-015 4.02153015e-087
 1.72723385e-077 8.08635019e-174 3.62604460e-217 3.78576715e-270
 1.06559870e-255 5.77662220e-275 2.05226845e-289 3.78576711e-270
 1.28822981e-231 1.34497470e-284 4.57671176e-246 2.99939375e-241
 6.68887183e-198 2.48104047e-265 1.34497466e-284 3.13151312e-294]

======================================================================
FILE SIZE DIVISIBILITY
======================================================================
    1 bytes ->   93083648 complete blocks, remainder 0
    2 bytes ->   46541824 complete blocks, remainder 0
    4 bytes ->   23270912 complete blocks, remainder 0
    8 bytes ->   11635456 complete blocks, remainder 0
   16 bytes ->    5817728 complete blocks, remainder 0
   32 bytes ->    2908864 complete blocks, remainder 0
   64 bytes ->    1454432 complete blocks, remainder 0
  128 bytes ->     727216 complete blocks, remainder 0
  256 bytes ->     363608 complete blocks, remainder 0
  512 bytes ->     181804 complete blocks, remainder 0
 1024 bytes ->      90902 complete blocks, remainder 0
 2048 bytes ->      45451 complete blocks, remainder 0
 4096 bytes ->      22725 complete blocks, remainder 2048

======================================================================
256-CHANNEL SPECTRUM HYPOTHESES
======================================================================
uint16  :   512 bytes/spectrum ->     181804 complete spectra, remainder 0
uint32  :  1024 bytes/spectrum ->      90902 complete spectra, remainder 0
float32 :  1024 bytes/spectrum ->      90902 complete spectra, remainder 0
float64 :  2048 bytes/spectrum ->      45451 complete spectra, remainder 0

======================================================================
FIRST VALUES VIA STRUCT
======================================================================
little-endian uint32     : 0
big-endian uint32        : 0
little-endian uint64     : 0
big-endian uint64        : 0
little-endian float32    : 0.0
big-endian float32       : 0.0
little-endian float64    : 0.0
big-endian float64       : 0.0

======================================================================
COMPARISON TARGETS
======================================================================
HDF5 /hexapod_waves/x samples: 90902
HDF5 /hexapod_waves/y samples: 90902

Do NOT assume that the binary record count must equal 90902. This value is included only as a comparison target.
